172515 0 1205
93804 5
20087 5
77046 5
87000 3
12566 5
21963 2
136665 2
54379 3
37033 1
13249 3
153777 5
110542 2
102984 4
16385 4
9409 3
152048 1
75152 3
73220 5
171622 2
127836 3
113476 4
34946 5
795 5
96504 4
92871 2
70365 4
160873 2
96401 4
116589 3
83589 2
26649 1
57213 1
95950 2
52984 5
13167 5
120322 5
55488 3
65114 4
49773 1
156530 2
145693 4
63800 2
80107 5
7856 3
162674 4
53933 3
42810 1
12459 4
118580 1
29783 1
34966 1
102216 5
43567 5
150065 4
5623 4
95743 2
99363 1
12237 4
52220 5
115792 5
72281 4
25279 1
78588 4
36496 1
6648 2
52643 5
143676 5
67613 3
53158 2
136517 3
89192 1
16080 5
35280 5
63216 4
100363 5
37291 3
32361 3
24959 2
649 3
86610 5
78998 5
99864 3
147184 2
109342 2
76753 4
28094 5
43981 5
140196 5
21160 1
33604 2
161718 5
116255 3
21566 3
6767 5
37186 2
36749 3
44661 2
68400 3
52215 1
9171 4
86949 4
17784 4
34532 2
15996 3
47454 3
122145 1
74693 5
37349 4
101597 4
16723 4
24623 1
80328 3
167711 2
109871 1
127222 3
61662 4
56385 1
156715 3
110186 2
65769 3
87499 3
9458 2
155739 2
146767 5
132452 5
132836 5
87799 1
88271 4
16205 1
163066 2
105697 4
56334 3
170128 2
71886 4
38348 4
103529 1
23188 1
127982 4
72688 2
49633 3
46707 4
92821 3
2926 4
35421 1
112634 1
65512 3
99718 4
131200 3
17078 4
166642 2
18271 4
75637 1
40680 5
167842 3
142795 1
25740 1
59077 5
110335 4
91243 5
131085 4
152292 4
69808 2
46794 3
98632 4
150423 2
119722 5
69873 5
170363 1
18056 4
25568 5
9858 1
160182 5
125635 1
17254 2
26287 2
112334 4
150481 5
40038 3
70180 5
141256 3
37571 2
20821 3
5831 2
19647 1
82672 3
87242 5
167115 4
140419 5
100119 1
42167 1
11030 3
156645 1
50985 1
127309 3
115639 1
99373 2
44372 3
165756 5
38127 5
120890 4
101166 4
11867 1
47719 1
159344 1
123002 1
42091 1
172312 4
33973 5
167805 2
114203 3
97781 3
10135 4
127282 2
117205 1
44327 2
160642 2
66754 3
149851 2
87505 3
26289 2
121028 5
123978 5
47949 5
93271 5
117682 2
137667 1
104945 5
52007 1
125286 2
54352 2
89328 5
24436 5
167393 5
103032 3
56260 4
26388 3
154637 2
122899 5
78379 2
145588 1
87245 1
120668 4
87571 5
126685 1
40405 1
76325 2
142525 4
98304 5
64331 5
99094 2
26609 3
144947 4
81167 1
98142 2
134002 1
156687 2
3514 3
102396 2
46320 4
125816 2
86308 3
125988 5
43098 3
156360 5
156068 5
88625 1
139877 1
169022 2
152303 1
31765 5
68926 3
85285 4
68340 2
152271 3
91032 2
164774 5
41644 4
144608 1
159983 5
42297 1
75077 4
7564 5
9821 4
158072 5
155042 1
45500 5
21380 5
103290 2
145919 4
146191 1
1103 5
149434 5
5749 3
170883 3
29727 1
125042 5
38464 2
130738 3
172174 4
36182 4
154714 3
124552 5
6408 3
90085 3
100112 1
137787 1
111639 1
81687 5
45997 4
133289 2
129933 1
144221 3
101682 4
56297 3
13418 1
45222 2
129007 4
22940 2
25703 4
152782 3
135397 5
77664 2
114886 2
30560 2
6031 2
110394 2
35988 1
13739 5
33148 4
58552 1
70247 5
121969 4
151133 5
16371 2
18858 1
130136 4
67258 3
27606 3
165431 4
148134 1
94328 4
165742 1
149591 5
154468 5
167360 1
159217 3
64023 3
137318 5
87393 1
137155 4
4303 2
10537 3
26269 2
150879 5
46830 2
133295 4
84285 5
146599 1
138877 1
98118 2
7945 1
64917 5
134535 4
109375 2
13330 2
12064 1
113594 2
163817 3
153772 1
161803 1
163515 1
148023 4
14088 3
79050 5
147895 1
156707 1
124782 4
60597 4
80862 2
73444 3
128952 5
105965 1
71093 1
85671 4
125887 3
29868 1
33484 1
100490 5
27836 3
58180 3
91562 4
62791 1
172106 4
106100 5
61815 1
33906 1
42228 1
52457 3
171812 5
112130 3
90154 1
20175 3
49102 3
6925 3
138184 3
115298 2
150962 3
104497 4
112561 5
147418 3
115350 4
163454 1
39760 3
113737 5
35320 3
96440 1
5707 5
73288 1
51178 4
117287 2
94268 4
165998 5
132787 4
49551 3
97277 4
97751 2
89439 2
152825 5
58720 3
129259 2
72816 3
100853 1
143097 4
109678 1
158665 4
156967 2
71451 1
47381 3
23683 3
111456 2
80243 3
103560 3
70376 3
112164 4
123205 4
70633 4
155366 4
98514 2
16809 3
83164 1
137554 1
167966 1
47553 2
96114 1
14522 4
67345 4
161574 5
76465 1
137491 1
159475 5
168281 5
84250 4
168529 1
21144 5
68512 5
71774 4
170973 2
52979 1
63618 3
160612 3
86997 1
156389 4
162914 4
135333 3
90744 3
19932 2
17520 4
40012 1
2527 2
127446 5
74086 5
86716 3
48914 5
37414 2
14436 1
135048 5
150700 4
157763 3
95067 5
37502 2
96835 3
131939 5
39578 1
46497 2
119607 3
78032 4
98237 1
103240 5
86687 2
1474 5
22893 2
18486 2
105160 5
109610 2
166830 3
127482 4
147673 1
17741 3
103119 1
139629 1
74598 1
74207 1
87182 4
143291 4
127469 2
107676 3
170727 5
27739 4
78632 1
16457 4
7721 3
136421 2
39151 3
128660 5
26667 3
46831 3
115195 5
124444 4
150084 5
52012 5
34151 1
113467 5
105531 5
155597 1
162232 5
109824 2
9725 5
135382 5
123373 1
131575 5
79940 1
129741 4
61609 5
86430 4
22075 5
73829 5
150321 3
49063 5
52479 5
78870 1
47296 3
55168 4
3127 4
139956 4
127330 5
109089 1
33496 3
134272 1
103971 5
165580 4
158658 3
56055 4
3865 3
1701 5
157545 5
6239 4
62516 1
65667 5
115114 5
75151 1
103471 3
170817 1
85423 4
160688 1
27913 2
56006 3
93859 1
93479 1
23905 2
122464 3
153366 4
127762 2
144754 5
55631 5
24442 1
73437 2
24175 2
166838 2
115416 5
152322 2
29600 5
79106 5
93394 1
160923 1
112864 1
105719 2
129065 3
78096 1
119157 2
61570 4
54687 1
68071 3
97151 5
14073 1
129050 4
46242 2
75972 1
133356 5
53761 5
67965 5
74933 1
82729 1
17838 2
1536 5
137300 3
139922 5
54685 5
55679 2
1489 4
98366 4
95131 5
3247 3
100575 5
141379 5
68411 4
34854 3
158895 5
136808 5
130200 1
6993 2
1510 2
138631 4
44489 2
123379 2
104876 1
163945 2
55163 4
17462 1
144827 4
16946 2
45900 4
153314 2
74650 1
120403 2
67626 2
75827 5
8423 4
54604 3
19965 2
152463 1
6978 1
31099 1
111362 4
34646 2
45520 4
156231 3
140012 2
151519 4
157445 5
87287 3
100078 4
103072 1
67503 1
139538 4
44477 4
29489 2
98091 3
70465 1
53341 3
124627 5
107402 5
51326 4
143784 1
136001 5
38172 2
39255 4
64996 3
86753 2
72212 1
71454 4
5512 1
8861 2
83722 5
51855 1
154856 3
65647 5
24502 2
83432 5
163460 1
16278 4
23873 3
143021 3
62720 2
6482 2
48202 3
118044 1
63907 3
146643 4
102867 4
13695 1
118348 5
67097 4
103260 3
17597 2
154345 5
167241 3
170181 1
15474 1
76153 5
1750 5
119440 4
41783 1
42194 5
153948 1
75619 3
53435 5
83313 5
166319 1
129218 4
29843 3
146132 1
59242 3
19967 1
10294 1
42226 1
15532 4
45056 3
32837 5
13477 3
62995 2
128371 2
133011 3
51805 3
68117 3
38040 3
23573 5
30578 5
5333 3
88082 1
80973 1
100897 2
139124 2
159381 5
10630 5
93927 4
55343 1
105285 2
122414 2
77857 2
40094 3
26897 1
3659 1
98613 3
30930 4
153560 5
87078 1
97137 4
162955 5
124067 4
171433 1
16747 3
50135 1
162066 2
167706 3
169062 1
49857 2
24806 3
34281 4
101233 1
109215 4
136129 3
102956 3
88114 4
43286 4
57974 5
80694 3
82621 5
40934 5
42705 2
150475 1
119280 1
1589 1
62526 3
93785 3
37194 2
125369 2
133196 4
91674 4
60718 3
10496 5
56274 3
44538 4
43301 3
70141 4
20369 2
75349 5
50174 3
26186 4
117769 5
67656 3
74362 4
136319 3
119608 1
117695 3
171797 3
94111 5
136891 3
167612 5
89990 1
59477 2
149559 1
13062 2
114441 3
154127 3
140210 3
35797 4
46075 2
72290 5
54269 4
63167 4
79139 2
117788 4
20682 1
156556 3
63762 2
16381 5
95792 3
170030 5
56808 1
8980 4
113280 2
53838 3
62560 1
142734 4
131289 3
105444 5
100723 3
3208 1
169906 2
15878 3
40508 5
129423 1
128759 4
171821 1
10857 3
23915 3
90669 1
86979 3
150598 2
165462 4
116084 3
87485 5
158520 2
145809 1
63610 3
27589 3
65186 1
105267 3
81193 4
67826 2
94172 1
100257 4
129191 5
159859 1
83527 5
8610 1
115567 4
116951 3
21873 5
60027 3
105235 5
27074 4
149049 1
138601 4
114927 3
23497 3
106331 4
100008 2
55267 5
11531 3
78361 4
69698 2
63096 2
3179 2
105508 4
3342 4
144673 4
34102 4
12750 5
15371 2
6507 1
161127 3
162268 3
90024 3
42829 4
167813 4
10281 1
60589 5
122922 1
76492 5
114025 5
110765 2
44328 5
44598 3
13392 3
97402 3
138905 2
70716 3
85707 1
64043 4
48722 5
40999 1
53099 3
83648 2
155032 2
111345 3
14291 4
118545 4
70165 1
171240 3
158343 4
79880 2
20415 3
97546 4
115271 3
26227 3
7162 3
267 5
156292 4
2748 3
126047 3
5736 2
163783 3
89259 4
88262 5
63909 1
152427 5
152199 5
68354 4
18863 2
135204 1
44349 2
77120 2
131752 1
57390 2
19392 3
29463 5
50416 4
103642 1
116152 4
127116 5
80625 3
99064 1
11276 3
92122 5
115259 2
119682 3
153268 4
32078 4
10773 1
122579 3
166158 3
107495 4
139229 1
9524 5
116343 3
143817 2
125645 3
49269 3
155811 1
10938 1
113698 5
43344 5
88274 2
85349 5
64233 1
18683 3
127811 4
5283 5
105939 1
76348 3
102290 2
39886 3
113059 2
8808 4
126484 3
22979 5
86548 2
138607 5
130269 4
74465 2
63020 4
151767 2
159104 2
29968 2
136464 5
106017 5
69501 4
94305 4
80692 3
166770 1
170997 1
49698 3
86880 3
112751 1
161773 1
108038 5
111815 5
21863 4
153739 5
44412 4
73380 1
66843 2
11764 1
70153 5
129755 4
93981 4
26988 5
77107 2
119001 4
36975 5
146184 2
121416 5
43954 5
125188 2
44640 4
59795 4
124342 1
133697 2
100425 4
5162 4
36208 5
841 4
73626 2
108080 1
35977 2
3768 2
155323 4
81873 3
83605 2
113757 3
47794 4
157818 5
170795 3
55072 5
130966 4
161169 1
9479 4
51169 5
47040 1
156512 5
26720 2
135323 4
47463 1
94150 1
70621 2
141605 1
131720 2
2272 5
62215 5
6041 3
151046 5
19241 1
145983 3
149586 3
28729 4
138092 2
53256 2
128662 2
112531 3
163866 3
104217 3
69424 4
83088 1
17509 2
8114 4
43377 3
5697 2
152252 3
5404 4
75974 1
18150 4
151543 1
96498 4
23079 3
124571 5
44273 2
77161 4
82493 1
27998 3
165152 1
23417 1
86750 4
136233 2
7072 5
43890 1
129391 3
93330 4
158319 4
115804 4
85940 2
41625 1
147701 3
18178 5
104602 5
119359 2
10010 2
4975 5
93011 5
128865 5
15660 2
63752 4
40387 4
86850 3
7671 1
148873 3
139712 4
116832 3
9187 3
135928 5
156167 4
3501 3
40914 3
31136 2
46155 3
72917 2
24012 2
19874 1
151623 1
56207 5
163986 1
157747 5
4363 5
9700 5
33950 1
166974 2
92740 5
137560 3
107814 2
85805 3
126025 3
28254 2
49971 2
53293 3
1351 3
84517 1
17824 5
34054 4
153803 1
144759 4
155051 1
138325 1
26096 3
75944 4
20326 5
82924 4
66256 3
83636 1
13076 4
75624 1
10931 2
34987 4
124699 2
81624 5
109829 1
84048 3
164227 4
10194 5
14180 1
146650 2
37495 3
72119 4
10767 1
119848 4
81397 5
87037 3
94181 2
44415 5
78920 2
40075 5
120061 2
8714 3
53391 5
67133 1
43360 3
5299 1
121068 1
109841 2
56402 3
31317 2
101144 3
31918 5
107562 4
76592 5
726 1
127277 5
149543 1
101983 4
95304 5
3797 1
54430 1
152718 5
10449 4
17029 3
164753 3
