200000 137 3
817 167471
1530 71527
2940 86605
3263 85820
3874 53705
4462 136302
4506 158929
4817 96557
5136 190585
6368 176701
6370 179162
6371 186938
7002 95770
7691 182320
7857 133418
7888 53839
8023 86215
8435 45854
8527 20405
8826 76850
9172 55790
9306 162053
9716 172462
10127 115710
13931 45524
16581 149871
17364 141789
19647 107618
19959 154788
21996 40870
22568 42056
22665 199494
23617 132964
23815 145870
24035 124337
24459 168510
25882 198806
26628 199859
27291 170575
27886 53492
28376 193574
29809 190298
31185 73560
31468 75860
31985 48083
34233 166806
35625 63372
35756 90679
36218 148091
36341 49578
36616 163308
36868 114565
37675 160047
37823 155634
38138 47274
38936 194218
39205 72383
39243 154958
41544 127948
42012 43103
45126 170072
48034 158762
51611 106713
53394 178013
54978 86777
55753 179491
57356 117925
58670 61800
59508 189752
60032 125023
60565 117645
61064 145717
62778 116006
63491 161775
63631 126064
71032 87132
71127 104873
72472 174551
73264 106522
73471 178983
77544 78916
77838 153486
77854 122177
78255 182397
78884 191349
81117 97523
82407 143177
83582 126826
85469 159954
85645 196396
85719 190218
87697 103065
87996 100834
88404 193253
89787 198883
92154 178853
93953 140065
94200 161516
95529 138514
95987 106064
96827 165353
98412 128563
99480 127751
100279 191079
100318 147089
101318 194058
103978 198795
105403 140032
108154 164075
108856 191147
110958 160964
112144 166836
114120 177173
114311 140425
114324 124591
117020 138223
120675 193928
124877 181354
128066 149579
128335 165953
131998 186101
132279 199282
134293 193901
135977 183461
136843 162397
138605 175720
140042 140105
142161 170515
142622 191832
144210 153312
144395 185710
145638 198753
149226 151966
158113 166443
161229 198293
161366 194931
162474 169366
31586 4
105897 3
98670 2
