200000 773 1
446 33464
476 60647
576 144676
767 149829
868 147959
987 151331
1125 42265
1246 19726
1265 29004
1414 22229
1605 39687
1686 131644
1832 179560
2032 103255
2187 63270
2223 185119
2311 88010
2689 72333
3020 163194
3032 28865
3035 139152
3171 24215
3175 133865
3238 151200
3510 163498
3757 54964
4108 77572
4223 168632
4458 32311
4471 35696
4545 146786
4599 122373
4886 55254
5064 150155
5074 25774
5378 130284
6004 15736
6084 13815
6492 173211
6787 51004
6820 8787
6901 31353
7189 129972
7285 124784
7341 162262
7402 132418
7540 66796
7919 192940
7942 162612
7956 114766
7981 142022
8307 178720
8331 16729
8909 79188
8980 103687
9100 48948
9136 193712
9402 58335
9405 56703
9612 187733
9659 71050
9786 76701
9860 185661
9918 97270
10065 23141
10348 66886
10452 72623
10578 40474
10597 73975
11269 149551
11311 80715
11489 61539
11674 119762
11687 53059
11893 114980
11946 172223
12050 193583
12085 158184
12292 62863
12567 18150
12593 81475
12622 123719
12681 138567
12909 178323
13056 125855
13156 80589
13172 38883
13209 128206
13224 78605
13450 45816
13655 114566
13774 86055
13967 91855
14050 125083
14067 90662
14094 164670
14159 37766
14238 62241
14624 176765
14673 47699
14882 31142
14883 32625
15059 133638
15109 148640
15187 171881
15214 175465
15438 132938
15492 130721
15554 127672
15607 130716
15638 38219
15724 17141
16164 124130
16294 189036
16683 57837
17015 195930
17061 183989
17092 64488
17128 121746
17170 23652
17653 77762
17680 143232
17865 55390
17883 163478
18091 101877
18134 67289
18203 49741
18331 115676
18422 38267
18446 70934
18493 172365
18510 99021
18773 20267
18818 164212
18949 57291
19081 115674
19137 76669
19199 87026
19358 103565
19490 90037
19874 149559
20160 57351
20209 169258
20241 140979
20313 79340
20409 133143
20428 73048
20470 171928
20653 80853
20665 145308
20976 168245
21108 106189
21328 125581
21407 73520
21471 28318
21481 189694
21698 63731
21736 154331
21818 22377
21865 115407
22181 176981
22255 136036
22431 142259
22560 118849
22615 133309
22633 61460
23191 64482
23448 48496
23563 109359
23650 173947
23689 146282
23974 149185
24089 180659
24159 56487
24605 79256
24630 110543
24749 137611
24793 196750
24914 64787
25699 193847
25929 189091
25998 181963
26127 192437
26706 190154
26755 35033
26788 78486
26986 169417
27373 156396
27405 100606
27498 95401
27722 44532
27753 169110
27895 162892
27911 137079
28148 148184
28153 54588
28348 33292
28448 32795
28548 174486
28781 59218
28782 38758
28881 108318
28916 82010
29271 113469
29649 99508
29856 154243
30057 130125
30081 86443
30279 46612
30338 125969
30442 110969
30503 68673
30705 191613
30767 121488
30837 176925
30849 76729
31116 154158
31205 32250
31348 154114
31361 152249
31548 190327
31558 39196
31570 199954
31736 146343
31782 159325
31865 84036
32138 40757
32346 166942
32413 153356
32584 50829
32714 156513
32719 155030
32976 112073
32987 145477
32993 141420
33015 188503
33567 78615
33587 75724
33588 97445
33696 74223
33821 157297
34079 52791
34535 48402
34556 149638
34611 45160
34787 178790
34937 84743
34954 136811
35086 143065
35275 43659
35360 39503
35602 148321
36474 80446
36696 177470
37363 95304
37426 198121
37973 160288
38073 172645
38493 108248
38649 103567
38673 136681
38705 166851
39302 164907
39846 177113
39873 72881
39929 133602
39995 42160
40221 42605
40284 98973
40625 94956
40879 44848
41287 197937
41299 56059
41358 107579
41667 90809
41776 71792
41988 51570
42079 182671
42520 45504
42521 121851
42710 87752
43271 137470
44056 127283
44201 95266
44590 173358
45165 103296
45219 163300
45375 102697
45454 164526
45727 189094
45835 147262
45908 186351
46035 47763
46107 83801
46114 185402
46127 111888
46130 130511
46183 122622
46229 198977
46230 130148
46279 107316
46404 64087
46416 116365
46445 154674
46864 126291
47073 110562
47538 163859
48157 151654
48207 121941
48435 64739
48790 180838
49205 125585
49631 68361
49978 59790
49986 171908
50102 63865
50465 84111
50771 171298
50802 110408
50830 56470
50934 85874
51004 88237
51232 109572
51849 76056
52097 97571
52120 92746
52286 177541
52374 197051
52478 110691
52572 91818
52574 181572
52634 116223
52761 166152
53122 188723
53314 123495
53473 183648
53481 121808
53526 141507
53572 157447
53714 160575
53781 54391
53868 161513
53972 163149
54020 121425
54040 161490
54056 169497
54269 147692
54308 184929
54454 121307
54490 70867
54592 97291
54834 59942
55055 105044
55175 177265
55317 182114
55505 99981
55517 154299
55597 83652
55887 182785
55931 71876
56215 94261
56284 101153
56446 141840
56480 129120
56482 65688
56554 165818
56778 132449
56798 160170
56828 63618
57356 186329
57424 119239
57606 106597
57645 58857
57675 121548
57771 91209
58089 62801
58147 154932
58237 119386
58577 128069
58761 141057
58815 171838
59048 114598
59183 92749
59776 199853
59831 178089
59905 76953
60310 187931
60498 199998
60557 176013
60649 80121
60947 195320
61115 165499
61227 90506
61407 111043
61454 142288
61539 199663
61542 151613
61707 141652
61939 102343
62086 71119
62290 136138
62563 159411
62570 141143
62720 104657
63008 80463
63151 79640
63190 166719
63235 140518
63347 122076
63729 169318
63829 112618
64003 190860
64248 184441
64373 84279
64498 90335
64560 180027
64716 76039
64839 148152
65459 66100
65550 124231
65697 103735
65852 107042
65902 174506
65951 69940
66448 100176
66640 138916
66756 176047
66871 177277
67681 71544
67730 71209
67917 80221
68006 128137
68230 152674
68294 80753
68867 109055
69121 160558
69207 119457
69329 179290
69359 135081
69529 113408
69765 139837
70249 186918
70318 166467
70920 137272
71069 164910
71157 107756
71255 142524
71465 150507
71968 154667
71988 76379
72905 118158
73299 149411
73499 162926
73604 180563
73661 83254
73743 158267
73866 186866
73902 114033
73956 193548
73965 157733
74332 192835
74958 105987
74974 189850
74979 187933
74989 97126
75217 160738
75426 187204
75597 165309
75607 160680
75679 192172
75726 162486
76142 165204
76208 183187
76761 119111
76766 161253
76770 137546
77233 153626
77456 170732
77714 176087
78046 95985
78335 178975
78353 168639
78377 176085
78488 99879
78555 133322
78718 163015
78746 94797
78769 121230
78955 194942
79028 191797
79074 119751
79360 139720
79372 119277
79512 177143
79686 172778
79689 187279
79733 140594
80031 102826
80284 100103
80406 172033
80661 185540
80837 166090
81312 104264
81663 162124
81968 188044
82089 178223
82395 121100
82400 152310
82512 82623
82622 136694
83370 123977
83596 131350
83652 130806
84367 117662
85430 113051
85956 103563
86165 197002
86172 134902
87025 92661
87032 92465
87309 155211
87698 169057
87731 132108
87945 133645
88000 117298
88147 182335
88429 196838
88502 122170
88505 129067
88692 102362
88744 118861
89537 107126
89709 125426
89784 137470
89877 94768
89986 110732
90117 140244
90467 123330
90513 179804
90745 170892
91228 171762
91252 186187
91369 183842
91749 119688
91756 155461
92159 184593
92341 136729
92372 144865
93219 110396
93223 167148
93536 101426
94030 109067
94108 99008
94158 186888
94176 102576
94534 178694
94590 177692
94638 137518
94927 190419
95193 184799
95677 186140
95911 170159
96041 173950
96084 190747
96478 168736
96641 188692
96889 142432
97061 151365
97226 101391
97500 140895
97644 157301
97724 162152
97817 167838
97819 161920
97821 151568
97968 149452
98071 189415
98379 149948
98540 168319
99509 162130
99629 196054
100090 195291
100151 142201
100345 110669
100481 121548
100502 101673
100645 162694
100803 190587
100812 103868
101221 178989
101313 154520
101350 157921
101691 180261
101913 182663
102218 159890
102580 175778
102602 196827
102704 152107
103084 112543
104309 168247
104812 163566
104885 125741
104988 180123
105498 175824
105727 198390
105984 150063
106115 197931
106233 181224
106436 113626
106455 132174
106883 181343
106920 180093
106979 117810
107030 146783
107757 115012
107885 149824
107922 117573
108839 164034
109008 121929
109125 139678
109225 161852
109304 178848
109478 190209
109664 114526
109905 137781
110021 171190
110054 135874
110061 161525
110448 148492
110470 112356
110563 180407
111145 168030
111963 158012
112120 129421
112970 190059
113156 126995
113579 163340
114479 133368
115158 119963
115338 115852
115436 121850
115799 184392
116106 155625
116115 166333
116254 143298
116556 148853
117074 157745
118257 175768
118529 169708
118959 189891
119487 169963
120347 148660
120467 146917
120728 167347
120915 151626
121399 154814
121552 145103
121652 158452
122659 172562
122691 144266
124139 166157
124614 194101
124721 161526
126111 139088
126475 181706
126488 130141
127889 175825
129875 183261
130349 186852
130575 190895
130678 153390
130679 141105
130964 164683
131334 169315
131407 172350
131465 165157
131522 131597
131725 172059
131889 133476
131931 194945
132007 178088
132041 199197
132662 138086
132765 198930
133442 136076
133789 178211
134052 196422
134330 175255
134556 134589
134738 189909
135058 173741
136095 185372
136098 189134
136218 189351
136341 182878
137507 150252
137647 170690
138869 167616
139153 184805
139655 170431
139980 166333
140215 151442
140517 168532
141157 197369
141345 193325
141566 158049
141638 154803
141670 150958
141914 152849
142680 142993
142954 156343
143185 196034
143816 190361
143952 176446
144892 198555
145969 172062
146599 190028
147247 149468
147938 165412
147955 166786
148980 196550
149072 173823
149881 174122
150347 162093
150709 172083
152850 157979
153111 154250
153837 180648
153963 158996
154380 159842
154819 189402
155757 198959
155760 183004
157287 195333
158435 158441
158807 196535
158902 169858
159066 178470
159475 184453
160418 174209
160862 188732
160929 189692
161331 172897
161659 188276
162459 180026
162780 168101
162977 180661
163342 196423
163654 174650
164707 194221
166922 188693
168563 187827
168620 175290
169401 174154
169941 171699
172082 194002
172570 190401
172792 185869
174256 196678
174369 178917
174569 197315
176089 187248
177147 181196
177266 197238
178215 199917
180490 199319
180931 196667
181280 189287
183360 199485
184148 198907
185847 195725
191271 199989
193386 199513
19493 38
