20
10
62 54 37 59 17 83 39 79 93 100
10
21 66 92 11 83 40 7 70 35 81
10
81 67 84 60 47 96 80 32 70 46
10
27 21 7 53 62 58 5 41 66 68
10
64 20 29 46 92 80 32 80 62 80
10
55 78 56 65 85 22 98 53 53 6
10
50 74 46 90 81 49 76 73 36 57
10
26 7 14 6 18 82 20 96 84 56
10
43 61 89 94 43 75 16 64 35 2
10
36 68 61 72 20 49 62 56 16 85
10
40 20 77 63 42 16 47 70 33 60
10
60 65 31 95 55 79 88 23 31 38
10
64 15 83 77 24 82 9 70 35 28
10
53 60 39 14 86 51 38 64 12 6
10
80 22 54 93 58 11 86 96 51 65
10
65 50 2 15 98 92 65 62 94 3
10
80 17 76 65 72 80 47 81 68 3
10
43 80 11 17 72 91 64 86 16 8
10
56 92 58 25 92 6 23 79 33 48
10
20 8 85 67 37 59 3 94 68 6
