996
-999999998 999999999
999999998 999999999
999999998 -999999998
-999999998 -999999998
-999999998 999999997
999999996 999999997
999999996 -999999996
-999999996 -999999996
-999999996 999999995
999999994 999999995
999999994 -999999994
-999999994 -999999994
-999999994 999999993
999999992 999999993
999999992 -999999992
-999999992 -999999992
-999999992 999999991
999999990 999999991
999999990 -999999990
-999999990 -999999990
-999999990 999999989
999999988 999999989
999999988 -999999988
-999999988 -999999988
-999999988 999999987
999999986 999999987
999999986 -999999986
-999999986 -999999986
-999999986 999999985
999999984 999999985
999999984 -999999984
-999999984 -999999984
-999999984 999999983
999999982 999999983
999999982 -999999982
-999999982 -999999982
-999999982 999999981
999999980 999999981
999999980 -999999980
-999999980 -999999980
-999999980 999999979
999999978 999999979
999999978 -999999978
-999999978 -999999978
-999999978 999999977
999999976 999999977
999999976 -999999976
-999999976 -999999976
-999999976 999999975
999999974 999999975
999999974 -999999974
-999999974 -999999974
-999999974 999999973
999999972 999999973
999999972 -999999972
-999999972 -999999972
-999999972 999999971
999999970 999999971
999999970 -999999970
-999999970 -999999970
-999999970 999999969
999999968 999999969
999999968 -999999968
-999999968 -999999968
-999999968 999999967
999999966 999999967
999999966 -999999966
-999999966 -999999966
-999999966 999999965
999999964 999999965
999999964 -999999964
-999999964 -999999964
-999999964 999999963
999999962 999999963
999999962 -999999962
-999999962 -999999962
-999999962 999999961
999999960 999999961
999999960 -999999960
-999999960 -999999960
-999999960 999999959
999999958 999999959
999999958 -999999958
-999999958 -999999958
-999999958 999999957
999999956 999999957
999999956 -999999956
-999999956 -999999956
-999999956 999999955
999999954 999999955
999999954 -999999954
-999999954 -999999954
-999999954 999999953
999999952 999999953
999999952 -999999952
-999999952 -999999952
-999999952 999999951
999999950 999999951
999999950 -999999950
-999999950 -999999950
-999999950 999999949
999999948 999999949
999999948 -999999948
-999999948 -999999948
-999999948 999999947
999999946 999999947
999999946 -999999946
-999999946 -999999946
-999999946 999999945
999999944 999999945
999999944 -999999944
-999999944 -999999944
-999999944 999999943
999999942 999999943
999999942 -999999942
-999999942 -999999942
-999999942 999999941
999999940 999999941
999999940 -999999940
-999999940 -999999940
-999999940 999999939
999999938 999999939
999999938 -999999938
-999999938 -999999938
-999999938 999999937
999999936 999999937
999999936 -999999936
-999999936 -999999936
-999999936 999999935
999999934 999999935
999999934 -999999934
-999999934 -999999934
-999999934 999999933
999999932 999999933
999999932 -999999932
-999999932 -999999932
-999999932 999999931
999999930 999999931
999999930 -999999930
-999999930 -999999930
-999999930 999999929
999999928 999999929
999999928 -999999928
-999999928 -999999928
-999999928 999999927
999999926 999999927
999999926 -999999926
-999999926 -999999926
-999999926 999999925
999999924 999999925
999999924 -999999924
-999999924 -999999924
-999999924 999999923
999999922 999999923
999999922 -999999922
-999999922 -999999922
-999999922 999999921
999999920 999999921
999999920 -999999920
-999999920 -999999920
-999999920 999999919
999999918 999999919
999999918 -999999918
-999999918 -999999918
-999999918 999999917
999999916 999999917
999999916 -999999916
-999999916 -999999916
-999999916 999999915
999999914 999999915
999999914 -999999914
-999999914 -999999914
-999999914 999999913
999999912 999999913
999999912 -999999912
-999999912 -999999912
-999999912 999999911
999999910 999999911
999999910 -999999910
-999999910 -999999910
-999999910 999999909
999999908 999999909
999999908 -999999908
-999999908 -999999908
-999999908 999999907
999999906 999999907
999999906 -999999906
-999999906 -999999906
-999999906 999999905
999999904 999999905
999999904 -999999904
-999999904 -999999904
-999999904 999999903
999999902 999999903
999999902 -999999902
-999999902 -999999902
-999999902 999999901
999999900 999999901
999999900 -999999900
-999999900 -999999900
-999999900 999999899
999999898 999999899
999999898 -999999898
-999999898 -999999898
-999999898 999999897
999999896 999999897
999999896 -999999896
-999999896 -999999896
-999999896 999999895
999999894 999999895
999999894 -999999894
-999999894 -999999894
-999999894 999999893
999999892 999999893
999999892 -999999892
-999999892 -999999892
-999999892 999999891
999999890 999999891
999999890 -999999890
-999999890 -999999890
-999999890 999999889
999999888 999999889
999999888 -999999888
-999999888 -999999888
-999999888 999999887
999999886 999999887
999999886 -999999886
-999999886 -999999886
-999999886 999999885
999999884 999999885
999999884 -999999884
-999999884 -999999884
-999999884 999999883
999999882 999999883
999999882 -999999882
-999999882 -999999882
-999999882 999999881
999999880 999999881
999999880 -999999880
-999999880 -999999880
-999999880 999999879
999999878 999999879
999999878 -999999878
-999999878 -999999878
-999999878 999999877
999999876 999999877
999999876 -999999876
-999999876 -999999876
-999999876 999999875
999999874 999999875
999999874 -999999874
-999999874 -999999874
-999999874 999999873
999999872 999999873
999999872 -999999872
-999999872 -999999872
-999999872 999999871
999999870 999999871
999999870 -999999870
-999999870 -999999870
-999999870 999999869
999999868 999999869
999999868 -999999868
-999999868 -999999868
-999999868 999999867
999999866 999999867
999999866 -999999866
-999999866 -999999866
-999999866 999999865
999999864 999999865
999999864 -999999864
-999999864 -999999864
-999999864 999999863
999999862 999999863
999999862 -999999862
-999999862 -999999862
-999999862 999999861
999999860 999999861
999999860 -999999860
-999999860 -999999860
-999999860 999999859
999999858 999999859
999999858 -999999858
-999999858 -999999858
-999999858 999999857
999999856 999999857
999999856 -999999856
-999999856 -999999856
-999999856 999999855
999999854 999999855
999999854 -999999854
-999999854 -999999854
-999999854 999999853
999999852 999999853
999999852 -999999852
-999999852 -999999852
-999999852 999999851
999999850 999999851
999999850 -999999850
-999999850 -999999850
-999999850 999999849
999999848 999999849
999999848 -999999848
-999999848 -999999848
-999999848 999999847
999999846 999999847
999999846 -999999846
-999999846 -999999846
-999999846 999999845
999999844 999999845
999999844 -999999844
-999999844 -999999844
-999999844 999999843
999999842 999999843
999999842 -999999842
-999999842 -999999842
-999999842 999999841
999999840 999999841
999999840 -999999840
-999999840 -999999840
-999999840 999999839
999999838 999999839
999999838 -999999838
-999999838 -999999838
-999999838 999999837
999999836 999999837
999999836 -999999836
-999999836 -999999836
-999999836 999999835
999999834 999999835
999999834 -999999834
-999999834 -999999834
-999999834 999999833
999999832 999999833
999999832 -999999832
-999999832 -999999832
-999999832 999999831
999999830 999999831
999999830 -999999830
-999999830 -999999830
-999999830 999999829
999999828 999999829
999999828 -999999828
-999999828 -999999828
-999999828 999999827
999999826 999999827
999999826 -999999826
-999999826 -999999826
-999999826 999999825
999999824 999999825
999999824 -999999824
-999999824 -999999824
-999999824 999999823
999999822 999999823
999999822 -999999822
-999999822 -999999822
-999999822 999999821
999999820 999999821
999999820 -999999820
-999999820 -999999820
-999999820 999999819
999999818 999999819
999999818 -999999818
-999999818 -999999818
-999999818 999999817
999999816 999999817
999999816 -999999816
-999999816 -999999816
-999999816 999999815
999999814 999999815
999999814 -999999814
-999999814 -999999814
-999999814 999999813
999999812 999999813
999999812 -999999812
-999999812 -999999812
-999999812 999999811
999999810 999999811
999999810 -999999810
-999999810 -999999810
-999999810 999999809
999999808 999999809
999999808 -999999808
-999999808 -999999808
-999999808 999999807
999999806 999999807
999999806 -999999806
-999999806 -999999806
-999999806 999999805
999999804 999999805
999999804 -999999804
-999999804 -999999804
-999999804 999999803
999999802 999999803
999999802 -999999802
-999999802 -999999802
-999999802 999999801
999999800 999999801
999999800 -999999800
-999999800 -999999800
-999999800 999999799
999999798 999999799
999999798 -999999798
-999999798 -999999798
-999999798 999999797
999999796 999999797
999999796 -999999796
-999999796 -999999796
-999999796 999999795
999999794 999999795
999999794 -999999794
-999999794 -999999794
-999999794 999999793
999999792 999999793
999999792 -999999792
-999999792 -999999792
-999999792 999999791
999999790 999999791
999999790 -999999790
-999999790 -999999790
-999999790 999999789
999999788 999999789
999999788 -999999788
-999999788 -999999788
-999999788 999999787
999999786 999999787
999999786 -999999786
-999999786 -999999786
-999999786 999999785
999999784 999999785
999999784 -999999784
-999999784 -999999784
-999999784 999999783
999999782 999999783
999999782 -999999782
-999999782 -999999782
-999999782 999999781
999999780 999999781
999999780 -999999780
-999999780 -999999780
-999999780 999999779
999999778 999999779
999999778 -999999778
-999999778 -999999778
-999999778 999999777
999999776 999999777
999999776 -999999776
-999999776 -999999776
-999999776 999999775
999999774 999999775
999999774 -999999774
-999999774 -999999774
-999999774 999999773
999999772 999999773
999999772 -999999772
-999999772 -999999772
-999999772 999999771
999999770 999999771
999999770 -999999770
-999999770 -999999770
-999999770 999999769
999999768 999999769
999999768 -999999768
-999999768 -999999768
-999999768 999999767
999999766 999999767
999999766 -999999766
-999999766 -999999766
-999999766 999999765
999999764 999999765
999999764 -999999764
-999999764 -999999764
-999999764 999999763
999999762 999999763
999999762 -999999762
-999999762 -999999762
-999999762 999999761
999999760 999999761
999999760 -999999760
-999999760 -999999760
-999999760 999999759
999999758 999999759
999999758 -999999758
-999999758 -999999758
-999999758 999999757
999999756 999999757
999999756 -999999756
-999999756 -999999756
-999999756 999999755
999999754 999999755
999999754 -999999754
-999999754 -999999754
-999999754 999999753
999999752 999999753
999999752 -999999752
-999999752 -999999752
-999999752 999999751
999999750 999999751
999999750 999999750
-999999751 999999750
-999999751 -999999751
999999751 -999999751
999999751 999999752
-999999753 999999752
-999999753 -999999753
999999753 -999999753
999999753 999999754
-999999755 999999754
-999999755 -999999755
999999755 -999999755
999999755 999999756
-999999757 999999756
-999999757 -999999757
999999757 -999999757
999999757 999999758
-999999759 999999758
-999999759 -999999759
999999759 -999999759
999999759 999999760
-999999761 999999760
-999999761 -999999761
999999761 -999999761
999999761 999999762
-999999763 999999762
-999999763 -999999763
999999763 -999999763
999999763 999999764
-999999765 999999764
-999999765 -999999765
999999765 -999999765
999999765 999999766
-999999767 999999766
-999999767 -999999767
999999767 -999999767
999999767 999999768
-999999769 999999768
-999999769 -999999769
999999769 -999999769
999999769 999999770
-999999771 999999770
-999999771 -999999771
999999771 -999999771
999999771 999999772
-999999773 999999772
-999999773 -999999773
999999773 -999999773
999999773 999999774
-999999775 999999774
-999999775 -999999775
999999775 -999999775
999999775 999999776
-999999777 999999776
-999999777 -999999777
999999777 -999999777
999999777 999999778
-999999779 999999778
-999999779 -999999779
999999779 -999999779
999999779 999999780
-999999781 999999780
-999999781 -999999781
999999781 -999999781
999999781 999999782
-999999783 999999782
-999999783 -999999783
999999783 -999999783
999999783 999999784
-999999785 999999784
-999999785 -999999785
999999785 -999999785
999999785 999999786
-999999787 999999786
-999999787 -999999787
999999787 -999999787
999999787 999999788
-999999789 999999788
-999999789 -999999789
999999789 -999999789
999999789 999999790
-999999791 999999790
-999999791 -999999791
999999791 -999999791
999999791 999999792
-999999793 999999792
-999999793 -999999793
999999793 -999999793
999999793 999999794
-999999795 999999794
-999999795 -999999795
999999795 -999999795
999999795 999999796
-999999797 999999796
-999999797 -999999797
999999797 -999999797
999999797 999999798
-999999799 999999798
-999999799 -999999799
999999799 -999999799
999999799 999999800
-999999801 999999800
-999999801 -999999801
999999801 -999999801
999999801 999999802
-999999803 999999802
-999999803 -999999803
999999803 -999999803
999999803 999999804
-999999805 999999804
-999999805 -999999805
999999805 -999999805
999999805 999999806
-999999807 999999806
-999999807 -999999807
999999807 -999999807
999999807 999999808
-999999809 999999808
-999999809 -999999809
999999809 -999999809
999999809 999999810
-999999811 999999810
-999999811 -999999811
999999811 -999999811
999999811 999999812
-999999813 999999812
-999999813 -999999813
999999813 -999999813
999999813 999999814
-999999815 999999814
-999999815 -999999815
999999815 -999999815
999999815 999999816
-999999817 999999816
-999999817 -999999817
999999817 -999999817
999999817 999999818
-999999819 999999818
-999999819 -999999819
999999819 -999999819
999999819 999999820
-999999821 999999820
-999999821 -999999821
999999821 -999999821
999999821 999999822
-999999823 999999822
-999999823 -999999823
999999823 -999999823
999999823 999999824
-999999825 999999824
-999999825 -999999825
999999825 -999999825
999999825 999999826
-999999827 999999826
-999999827 -999999827
999999827 -999999827
999999827 999999828
-999999829 999999828
-999999829 -999999829
999999829 -999999829
999999829 999999830
-999999831 999999830
-999999831 -999999831
999999831 -999999831
999999831 999999832
-999999833 999999832
-999999833 -999999833
999999833 -999999833
999999833 999999834
-999999835 999999834
-999999835 -999999835
999999835 -999999835
999999835 999999836
-999999837 999999836
-999999837 -999999837
999999837 -999999837
999999837 999999838
-999999839 999999838
-999999839 -999999839
999999839 -999999839
999999839 999999840
-999999841 999999840
-999999841 -999999841
999999841 -999999841
999999841 999999842
-999999843 999999842
-999999843 -999999843
999999843 -999999843
999999843 999999844
-999999845 999999844
-999999845 -999999845
999999845 -999999845
999999845 999999846
-999999847 999999846
-999999847 -999999847
999999847 -999999847
999999847 999999848
-999999849 999999848
-999999849 -999999849
999999849 -999999849
999999849 999999850
-999999851 999999850
-999999851 -999999851
999999851 -999999851
999999851 999999852
-999999853 999999852
-999999853 -999999853
999999853 -999999853
999999853 999999854
-999999855 999999854
-999999855 -999999855
999999855 -999999855
999999855 999999856
-999999857 999999856
-999999857 -999999857
999999857 -999999857
999999857 999999858
-999999859 999999858
-999999859 -999999859
999999859 -999999859
999999859 999999860
-999999861 999999860
-999999861 -999999861
999999861 -999999861
999999861 999999862
-999999863 999999862
-999999863 -999999863
999999863 -999999863
999999863 999999864
-999999865 999999864
-999999865 -999999865
999999865 -999999865
999999865 999999866
-999999867 999999866
-999999867 -999999867
999999867 -999999867
999999867 999999868
-999999869 999999868
-999999869 -999999869
999999869 -999999869
999999869 999999870
-999999871 999999870
-999999871 -999999871
999999871 -999999871
999999871 999999872
-999999873 999999872
-999999873 -999999873
999999873 -999999873
999999873 999999874
-999999875 999999874
-999999875 -999999875
999999875 -999999875
999999875 999999876
-999999877 999999876
-999999877 -999999877
999999877 -999999877
999999877 999999878
-999999879 999999878
-999999879 -999999879
999999879 -999999879
999999879 999999880
-999999881 999999880
-999999881 -999999881
999999881 -999999881
999999881 999999882
-999999883 999999882
-999999883 -999999883
999999883 -999999883
999999883 999999884
-999999885 999999884
-999999885 -999999885
999999885 -999999885
999999885 999999886
-999999887 999999886
-999999887 -999999887
999999887 -999999887
999999887 999999888
-999999889 999999888
-999999889 -999999889
999999889 -999999889
999999889 999999890
-999999891 999999890
-999999891 -999999891
999999891 -999999891
999999891 999999892
-999999893 999999892
-999999893 -999999893
999999893 -999999893
999999893 999999894
-999999895 999999894
-999999895 -999999895
999999895 -999999895
999999895 999999896
-999999897 999999896
-999999897 -999999897
999999897 -999999897
999999897 999999898
-999999899 999999898
-999999899 -999999899
999999899 -999999899
999999899 999999900
-999999901 999999900
-999999901 -999999901
999999901 -999999901
999999901 999999902
-999999903 999999902
-999999903 -999999903
999999903 -999999903
999999903 999999904
-999999905 999999904
-999999905 -999999905
999999905 -999999905
999999905 999999906
-999999907 999999906
-999999907 -999999907
999999907 -999999907
999999907 999999908
-999999909 999999908
-999999909 -999999909
999999909 -999999909
999999909 999999910
-999999911 999999910
-999999911 -999999911
999999911 -999999911
999999911 999999912
-999999913 999999912
-999999913 -999999913
999999913 -999999913
999999913 999999914
-999999915 999999914
-999999915 -999999915
999999915 -999999915
999999915 999999916
-999999917 999999916
-999999917 -999999917
999999917 -999999917
999999917 999999918
-999999919 999999918
-999999919 -999999919
999999919 -999999919
999999919 999999920
-999999921 999999920
-999999921 -999999921
999999921 -999999921
999999921 999999922
-999999923 999999922
-999999923 -999999923
999999923 -999999923
999999923 999999924
-999999925 999999924
-999999925 -999999925
999999925 -999999925
999999925 999999926
-999999927 999999926
-999999927 -999999927
999999927 -999999927
999999927 999999928
-999999929 999999928
-999999929 -999999929
999999929 -999999929
999999929 999999930
-999999931 999999930
-999999931 -999999931
999999931 -999999931
999999931 999999932
-999999933 999999932
-999999933 -999999933
999999933 -999999933
999999933 999999934
-999999935 999999934
-999999935 -999999935
999999935 -999999935
999999935 999999936
-999999937 999999936
-999999937 -999999937
999999937 -999999937
999999937 999999938
-999999939 999999938
-999999939 -999999939
999999939 -999999939
999999939 999999940
-999999941 999999940
-999999941 -999999941
999999941 -999999941
999999941 999999942
-999999943 999999942
-999999943 -999999943
999999943 -999999943
999999943 999999944
-999999945 999999944
-999999945 -999999945
999999945 -999999945
999999945 999999946
-999999947 999999946
-999999947 -999999947
999999947 -999999947
999999947 999999948
-999999949 999999948
-999999949 -999999949
999999949 -999999949
999999949 999999950
-999999951 999999950
-999999951 -999999951
999999951 -999999951
999999951 999999952
-999999953 999999952
-999999953 -999999953
999999953 -999999953
999999953 999999954
-999999955 999999954
-999999955 -999999955
999999955 -999999955
999999955 999999956
-999999957 999999956
-999999957 -999999957
999999957 -999999957
999999957 999999958
-999999959 999999958
-999999959 -999999959
999999959 -999999959
999999959 999999960
-999999961 999999960
-999999961 -999999961
999999961 -999999961
999999961 999999962
-999999963 999999962
-999999963 -999999963
999999963 -999999963
999999963 999999964
-999999965 999999964
-999999965 -999999965
999999965 -999999965
999999965 999999966
-999999967 999999966
-999999967 -999999967
999999967 -999999967
999999967 999999968
-999999969 999999968
-999999969 -999999969
999999969 -999999969
999999969 999999970
-999999971 999999970
-999999971 -999999971
999999971 -999999971
999999971 999999972
-999999973 999999972
-999999973 -999999973
999999973 -999999973
999999973 999999974
-999999975 999999974
-999999975 -999999975
999999975 -999999975
999999975 999999976
-999999977 999999976
-999999977 -999999977
999999977 -999999977
999999977 999999978
-999999979 999999978
-999999979 -999999979
999999979 -999999979
999999979 999999980
-999999981 999999980
-999999981 -999999981
999999981 -999999981
999999981 999999982
-999999983 999999982
-999999983 -999999983
999999983 -999999983
999999983 999999984
-999999985 999999984
-999999985 -999999985
999999985 -999999985
999999985 999999986
-999999987 999999986
-999999987 -999999987
999999987 -999999987
999999987 999999988
-999999989 999999988
-999999989 -999999989
999999989 -999999989
999999989 999999990
-999999991 999999990
-999999991 -999999991
999999991 -999999991
999999991 999999992
-999999993 999999992
-999999993 -999999993
999999993 -999999993
999999993 999999994
-999999995 999999994
-999999995 -999999995
999999995 -999999995
999999995 999999996
-999999997 999999996
-999999997 -999999997
999999997 -999999997
999999997 999999998
-999999998 999999998
