100
834 644
532 309
544 97
851 745
791 59
902 582
981 805
805 789
447 48
425 29
950 905
973 515
895 878
289 230
357 16
824 107
920 389
994 988
136 111
487 277
952 872
842 694
997 996
763 604
783 353
732 566
506 64
494 393
942 939
142 29
694 347
975 825
990 934
998 644
694 655
962 876
955 498
920 891
958 850
811 669
966 590
641 424
950 592
890 777
832 769
759 296
581 517
519 507
833 625
906 44
657 644
689 33
975 566
388 293
654 109
986 973
952 104
939 920
675 263
564 521
983 633
779 766
925 890
986 912
566 288
469 291
542 279
984 915
851 39
785 446
674 510
950 828
681 529
317 303
841 433
916 906
508 426
951 757
518 403
612 384
952 866
821 570
278 176
741 619
882 310
794 711
809 769
356 290
967 756
760 755
536 531
929 897
959 931
122 76
823 386
910 885
652 433
967 502
729 685
774 293
