100
781 679
917 878
855 758
637 344
532 432
579 518
519 92
757 467
690 203
821 257
608 537
888 517
943 457
932 695
886 19
660 366
289 265
295 228
916 876
586 406
590 301
994 988
851 844
537 158
962 850
633 563
777 376
689 622
346 87
986 978
226 70
774 330
686 644
759 701
949 90
514 209
983 959
988 582
842 290
396 260
688 682
411 117
980 803
560 423
979 956
590 171
782 585
495 438
989 903
854 707
827 600
245 168
665 449
865 823
877 190
878 869
986 16
232 123
889 15
508 37
991 691
276 173
830 77
252 35
893 651
660 52
583 437
533 510
875 282
866 556
986 885
920 888
896 158
933 899
831 274
301 290
970 808
863 572
985 661
918 777
895 586
557 41
931 711
969 474
872 845
998 443
845 723
695 688
945 301
152 23
304 242
359 274
952 907
956 301
932 911
313 302
592 291
853 600
982 968
695 200
