100
910 290
820 661
753 45
985 892
459 41
937 681
677 328
614 605
979 25
869 736
957 942
452 362
1000 984
990 644
997 912
806 639
558 129
452 336
972 905
847 227
551 297
482 34
817 243
763 716
691 200
498 210
678 1
781 166
752 596
36 22
300 182
715 97
684 406
1000 960
802 20
834 809
339 216
951 625
436 237
851 600
853 48
887 179
924 829
463 264
649 498
933 336
455 199
987 972
985 970
940 618
950 812
975 363
909 893
725 660
407 362
728 649
604 108
923 894
739 620
998 813
597 224
746 251
805 596
448 161
596 272
1000 711
830 304
955 710
923 513
779 709
991 990
994 972
890 732
458 185
974 959
374 112
909 870
876 678
605 14
862 806
890 548
713 164
698 289
975 930
590 90
784 617
934 316
854 636
593 306
228 186
866 173
984 391
275 222
988 757
482 434
991 983
805 190
939 316
827 476
893 783
