100
361 270
631 462
928 507
759 26
790 772
923 259
837 478
836 514
951 421
897 453
432 89
917 803
947 480
999 786
835 473
512 337
468 362
964 643
727 693
389 115
877 777
422 307
871 528
887 814
864 785
969 636
976 637
938 662
614 415
846 564
898 520
975 369
766 348
934 822
301 59
749 490
685 127
863 62
992 965
963 942
626 76
587 142
730 76
986 887
540 307
985 715
953 951
390 302
889 673
293 248
731 428
989 233
85 10
961 950
607 375
499 220
377 336
849 27
998 732
912 801
928 136
996 784
687 551
976 931
986 958
690 234
940 438
628 612
473 406
957 167
454 339
439 434
860 826
889 407
923 394
945 881
955 461
627 347
853 640
723 683
950 686
831 329
620 457
849 377
646 139
581 352
925 844
868 341
512 218
303 36
551 178
639 307
975 692
978 848
638 504
968 88
368 248
920 771
426 308
800 506
