100
405 63
715 675
528 194
947 558
617 505
787 528
685 132
121 118
896 270
748 82
830 562
190 134
864 663
892 582
814 3
933 854
321 307
615 529
744 458
612 104
680 84
801 141
507 148
678 48
722 399
738 312
267 45
731 543
808 209
752 450
733 251
590 94
460 42
289 126
818 724
506 209
690 400
960 903
984 846
817 527
947 695
954 630
824 708
904 736
828 803
893 508
737 723
811 767
362 188
968 720
990 929
764 92
990 940
943 766
852 845
869 276
618 414
860 448
689 549
849 717
541 426
859 460
373 283
875 778
924 599
913 511
930 596
682 575
579 324
956 933
828 126
949 769
990 980
880 131
956 887
385 293
987 938
995 687
325 207
944 574
966 934
833 800
993 977
925 566
996 978
990 966
535 495
867 697
985 971
775 331
970 621
985 983
772 222
885 440
652 596
874 837
820 754
468 59
337 164
891 82
