100
0 0 4
6 10 0
10 2 10
1 0 8
3 2 0
7 6 3
7 0 10
2 6 8
1 6 0
7 8 10
5 8 5
6 7 5
5 1 4
5 3 7
6 5 10
10 4 6
9 9 3
6 2 1
6 3 3
2 10 3
3 1 3
8 4 9
10 1 2
4 2 10
4 5 1
2 5 6
7 1 1
0 4 4
4 10 5
5 1 10
5 10 8
2 9 5
10 3 1
1 5 4
10 1 3
6 2 9
10 2 8
3 4 7
5 5 2
9 5 5
2 4 6
7 3 0
5 6 1
6 2 4
2 5 10
1 2 7
2 5 8
2 3 9
3 0 9
3 6 3
10 10 1
9 8 7
4 3 0
4 1 3
2 4 7
5 2 8
6 8 9
1 10 4
9 8 5
4 1 9
1 2 2
8 5 9
4 5 10
8 8 0
0 5 7
4 7 0
4 0 5
7 1 7
7 2 10
2 0 3
5 2 3
4 10 7
9 4 4
3 10 7
1 5 4
2 7 6
2 3 0
5 4 6
4 3 9
1 9 9
8 5 1
8 10 8
5 8 6
7 5 5
9 8 8
6 7 10
2 8 5
9 3 2
4 4 0
9 3 0
2 0 6
3 1 10
7 6 5
0 4 0
5 9 1
0 0 7
1 7 4
9 5 7
4 10 1
0 6 9
