100
1 5 9
0 9 10
6 4 0
3 0 2
1 4 7
3 10 6
9 9 2
0 9 6
10 3 1
10 3 0
8 1 2
5 9 2
10 10 0
8 6 3
8 1 8
4 7 0
1 1 1
7 6 8
2 7 9
2 3 7
2 1 1
6 3 8
4 7 5
3 6 10
10 4 1
8 7 2
7 8 8
10 3 4
5 10 0
7 9 10
5 6 6
4 1 2
7 1 9
5 8 2
1 9 1
0 10 9
4 8 7
3 5 3
10 6 10
2 8 0
7 5 0
7 10 10
10 9 4
4 4 0
6 7 6
6 6 10
7 6 2
8 1 5
5 10 5
6 1 9
6 10 6
1 9 5
8 9 1
7 3 9
7 1 1
1 1 2
4 0 9
10 8 5
10 0 3
1 8 8
7 9 0
6 3 10
9 8 2
8 6 5
7 5 6
7 3 6
3 0 7
0 2 5
10 9 2
1 10 0
10 6 6
9 10 8
10 9 7
5 1 0
8 6 9
7 3 0
1 8 4
4 2 2
2 4 3
8 7 3
9 9 0
1 0 8
5 6 1
7 3 4
4 9 10
8 8 8
3 1 0
7 1 8
1 3 1
6 2 9
5 8 2
5 9 9
5 2 8
7 10 8
1 8 10
10 10 2
0 7 1
9 6 6
2 5 0
9 8 0
